            CPU0       CPU1       CPU2       CPU3       CPU4       CPU5       CPU6       CPU7       CPU8       CPU9       CPU10      CPU11      CPU12      CPU13      CPU14      CPU15      CPU16      CPU17      CPU18      CPU19      CPU20      CPU21      CPU22      CPU23      
   0:         40          0          0          0          0          0          0          0          0          0          0          0          0          0          0          0          0          0          0          0          0          0          0          0  IR-IO-APIC    2-edge      timer
   5:          0          0          0          0          0          0          0          0          0          0          0          0          0          0          0          0          0          0          0          0          0          0          0          0  IR-IO-APIC    5-edge      parport0
   7:          0          0          0          0          0          0          0          0          0          0          0          0          0          0          0          0          0          0          0          0          0          0          0          0  IR-IO-APIC    7-fasteoi   pinctrl_amd
   8:          0          0          0          0          0          0          0          0          0          0          0          0          0          0          1          0          0          0          0          0          0          0          0          0  IR-IO-APIC    8-edge      rtc0
   9:          0          0          0          0          0          0          0          0          0          0          0          0          0          0          0          0          0          0          0          0          0          0          0          0  IR-IO-APIC    9-fasteoi   acpi
  27:          0          0          0          0          0          0          0          0          0          0          0          0          0          0          0          0          0          0          0          0          0          0          0          0  IOMMU-MSI    0-edge      AMD-Vi
  28:          0          0          0          0          0          0          0          0          0          0          0          0          0          0          0          0          0          0          0          0          0          0          0          0  IR-PCI-MSI-0000:00:01.3    0-edge      aerdrv
  29:          0          0          0          0          0          0          0          0          0          0          0          0          0          0          0          0          0          0          0          0          0          0          0          0  IR-PCI-MSI-0000:00:03.1    0-edge      aerdrv
  30:          0          0          0          0          0          0          0          0          0          0          0          0          0          0          0          0          0          0          0          0          0          0          0          0  IR-PCI-MSI-0000:00:07.1    0-edge      aerdrv
  31:          0          0          0          0          0          0          0          0          0          0          0          0          0          0          0          0          0          0          0          0          0          0          0          0  IR-PCI-MSI-0000:00:08.1    0-edge      aerdrv
  39:          0          0          0          0          0          0          0          0          0          0          0          0          0          0          0      54758          0          0          0          0   28066564          0          0          0  IR-PCI-MSI-0000:03:00.1    0-edge      ahci[0000:03:00.1]
  40:          0          0          0          0          0          0          0          0          0          0          0          0          0          0          0          0          0          0          0          0          0  711751021       1453          0  IR-PCI-MSIX-0000:22:00.0    0-edge      enp34s0
  41:          0          0          0          0          0    1415116          0    2568813          0          0          0          0          0          0          0          0         44          0          0          0          0          0          0          0  IR-PCI-MSIX-0000:03:00.0    0-edge      xhci_hcd
  42:          0          0          0          0          0          0          0          0          0          0          0          0          0          0          0          0          0          0          0          0          0          0          0          0  IR-PCI-MSIX-0000:03:00.0    1-edge      xhci_hcd
  43:          0          0          0          0          0          0          0          0          0          0          0          0          0          0          0          0          0          0          0          0          0          0          0          0  IR-PCI-MSIX-0000:03:00.0    2-edge      xhci_hcd
  44:          0          0          0          0          0          0          0          0          0          0          0          0          0          0          0          0          0          0          0          0          0          0          0          0  IR-PCI-MSIX-0000:03:00.0    3-edge      xhci_hcd
  45:          0          0          0          0          0          0          0          0          0          0          0          0          0          0          0          0          0          0          0          0          0          0          0          0  IR-PCI-MSIX-0000:03:00.0    4-edge      xhci_hcd
  46:          0          0          0          0          0          0          0          0          0          0          0          0          0          0          0          0          0          0          0          0          0          0          0          0  IR-PCI-MSIX-0000:03:00.0    5-edge      xhci_hcd
  47:          0          0          0          0          0          0          0          0          0          0          0          0          0          0          0          0          0          0          0          0          0          0          0          0  IR-PCI-MSIX-0000:03:00.0    6-edge      xhci_hcd
  48:          0          0          0          0          0          0          0          0          0          0          0          0          0          0          0          0          0          0          0          0          0          0          0          0  IR-PCI-MSIX-0000:03:00.0    7-edge      xhci_hcd
  49:         43          0          0          0      61215       1412          0          0          0         68          0          0          0          0          0          0          0          0          0          0          0          0          0          0  IR-PCI-MSIX-0000:26:00.0    0-edge      xhci_hcd
  50:          0          0          0          0          0          0          0          0          0          0          0          0          0          0          0          0          0          0          0          0          0          0          0          0  IR-PCI-MSIX-0000:26:00.0    1-edge      xhci_hcd
  51:          0          0          0          0          0          0          0          0          0          0          0          0          0          0          0          0          0          0          0          0          0          0          0          0  IR-PCI-MSIX-0000:26:00.0    2-edge      xhci_hcd
  52:          0          0          0          0          0          0          0          0          0          0          0          0          0          0          0          0          0          0          0          0          0          0          0          0  IR-PCI-MSIX-0000:26:00.0    3-edge      xhci_hcd
  53:          0          0          0          0          0          0          0          0          0          0          0          0          0          0          0          0          0          0          0          0          0          0          0          0  IR-PCI-MSIX-0000:26:00.0    4-edge      xhci_hcd
  54:          0          0          0          0          0          0          0          0          0          0          0          0          0          0          0          0          0          0          0          0          0          0          0          0  IR-PCI-MSIX-0000:26:00.0    5-edge      xhci_hcd
  55:          0          0          0          0          0          0          0          0          0          0          0          0          0          0          0          0          0          0          0          0          0          0          0          0  IR-PCI-MSIX-0000:26:00.0    6-edge      xhci_hcd
  56:          0          0          0          0          0          0          0          0          0          0          0          0          0          0          0          0          0          0          0          0          0          0          0          0  IR-PCI-MSIX-0000:26:00.0    7-edge      xhci_hcd
  58:          0          0          0          0          0          0          0          0       6149          0          0          0     650852          0          0          0          0          0          0          0          0          0          0          0  IR-PCI-MSIX-0000:29:00.3    0-edge      xhci_hcd
  59:          0          0          0          0          0          0          0          0          0          0          0          0          0          0          0          0          0          0          0          0          0          0          0          0  IR-PCI-MSIX-0000:29:00.3    1-edge      xhci_hcd
  60:          0          0          0          0          0          0          0          0          0          0          0          0          0          0          0          0          0          0          0          0          0          0          0          0  IR-PCI-MSIX-0000:29:00.3    2-edge      xhci_hcd
  61:          0          0          0          0          0          0          0          0          0          0          0          0          0          0          0          0          0          0          0          0          0          0          0          0  IR-PCI-MSIX-0000:29:00.3    3-edge      xhci_hcd
  62:          0          0          0          0          0          0          0          0          0          0          0          0          0          0          0          0          0          0          0          0          0          0          0          0  IR-PCI-MSIX-0000:29:00.3    4-edge      xhci_hcd
  63:          0          0          0          0          0          0          0          0          0          0          0          0          0          0          0          0          0          0          0          0          0          0          0          0  IR-PCI-MSIX-0000:29:00.3    5-edge      xhci_hcd
  64:          0          0          0          0          0          0          0          0          0          0          0          0          0          0          0          0          0          0          0          0          0          0          0          0  IR-PCI-MSIX-0000:29:00.3    6-edge      xhci_hcd
  65:          0          0          0          0          0          0          0          0          0          0          0          0          0          0          0          0          0          0          0          0          0          0          0          0  IR-PCI-MSIX-0000:29:00.3    7-edge      xhci_hcd
  66:     135264          0          0          0          0          0          0          0          0          0          0          0          0          0          0          0        101          0          0          0          0          0          0          0  IR-PCI-MSIX-0000:25:00.0    0-edge      nvme0q0
  67:          2          0          0          0          0          0          0          0          0          0          0          0          0          0          0          0          0          0          0          0          0          0          0          0  IR-PCI-MSIX-0000:25:00.0    1-edge      nvme0q1
  68:          0         15          0          0          0          0          0          0          0          0          0          0          0          0          0          0          0          0          0          0          0          0          0          0  IR-PCI-MSIX-0000:25:00.0    2-edge      nvme0q2
  69:          0          0         23          0          0          0          0          0          0          0          0          0          0          0          0          0          0          0          0          0          0          0          0          0  IR-PCI-MSIX-0000:25:00.0    3-edge      nvme0q3
  70:          0          0          0          0          0          0          0          0          0          0          0          0          0          0          0          0          0          0          0          0          0          0          0          0  IR-PCI-MSIX-0000:25:00.0    4-edge      nvme0q4
  71:          0          0          0          0          9          0          0          0          0          0          0          0          0          0          0          0          0          0          0          0          0          0          0          0  IR-PCI-MSIX-0000:25:00.0    5-edge      nvme0q5
  72:          0          0          0          0          0         14          0          0          0          0          0          0          0          0          0          0          0          0          0          0          0          0          0          0  IR-PCI-MSIX-0000:25:00.0    6-edge      nvme0q6
  73:          0          0          0          0          0          0          4          0          0          0          0          0          0          0          0          0          0          0          0          0          0          0          0          0  IR-PCI-MSIX-0000:25:00.0    7-edge      nvme0q7
  74:          0          0          0          0          0          0          0          0          0          0          0          0          0          0          0          0          0          0          0          0          0          0          0          0  IR-PCI-MSIX-0000:25:00.0    8-edge      nvme0q8
  75:          0          0          0          0          0          0          0          0          0          0          0          0          0          0          0          0          0          0          0          0          0          0          0          0  IR-PCI-MSIX-0000:25:00.0    9-edge      nvme0q9
  76:          0          0          0          0          0          0          0          0          0          0          0          0          0          0          0          0          0          0          0          0          0          0          0          0  IR-PCI-MSIX-0000:25:00.0   10-edge      nvme0q10
  77:          0          0          0          0          0          0          0          0          0          0          0          0          0          0          0          0          0          0          0          0          0          0          0          0  IR-PCI-MSIX-0000:25:00.0   11-edge      nvme0q11
  78:          0          0          0          0          0          0          0          0          0          0          0          0          0          0          0          0          0          0          0          0          0          0          0          0  IR-PCI-MSIX-0000:25:00.0   12-edge      nvme0q12
  79:          0          0          0          0          0          0          0          0          0          0          0          0         88          0          0          0          0          0          0          0          0          0          0          0  IR-PCI-MSIX-0000:25:00.0   13-edge      nvme0q13
  80:          0          0          0          0          0          0          0          0          0          0          0          0          0         90          0          0          0          0          0          0          0          0          0          0  IR-PCI-MSIX-0000:25:00.0   14-edge      nvme0q14
  81:          0          0          0          0          0          0          0          0          0          0          0          0          0          0          3          0          0          0          0          0          0          0          0          0  IR-PCI-MSIX-0000:25:00.0   15-edge      nvme0q15
  82:          0          0          0          0          0          0          0          0          0          0          0          0          0          0          0         43          0          0          0          0          0          0          0          0  IR-PCI-MSIX-0000:25:00.0   16-edge      nvme0q16
  83:          0          0          0          0          0          0          0          0          0          0          0          0          0          0          0          0         13          0          0          0          0          0          0          0  IR-PCI-MSIX-0000:25:00.0   17-edge      nvme0q17
  84:          0          0          0          0          0          0          0          0          0          0          0          0          0          0          0          0          0         22          0          0          0          0          0          0  IR-PCI-MSIX-0000:25:00.0   18-edge      nvme0q18
  85:          0          0          0          0          0          0          0          0          0          0          0          0          0          0          0          0          0          0          0          0          0          0          0          0  IR-PCI-MSIX-0000:25:00.0   19-edge      nvme0q19
  86:          0          0          0          0          0          0          0          0          0          0          0          0          0          0          0          0          0          0          0          0          0          0          0          0  IR-PCI-MSIX-0000:25:00.0   20-edge      nvme0q20
  87:          0          0          0          0          0          0          0          0          0          0          0          0          0          0          0          0          0          0          0          0         32          0          0          0  IR-PCI-MSIX-0000:25:00.0   21-edge      nvme0q21
  88:          0          0          0          0          0          0          0          0          0          0          0          0          0          0          0          0          0          0          0          0          0          0          0          0  IR-PCI-MSIX-0000:25:00.0   22-edge      nvme0q22
  89:          0          0          0          0          0          0          0          0          0          0          0          0          0          0          0          0          0          0          0          0          0          0          0          0  IR-PCI-MSIX-0000:25:00.0   23-edge      nvme0q23
  90:          0          0          0          0          0          0          0          0          0          0          0          0          0          0          0          0          0          0          0          0          0          0          0          0  IR-PCI-MSIX-0000:25:00.0   24-edge      nvme0q24
  91:          0          0          0          0          0          0          0          0          0          0          0          0          0          0          0          0          0          0          0          0          0          0          0          0  IR-PCI-MSIX-0000:25:00.0   25-edge      nvme0q25
  92:          0          0          0          0          0          0          0          0          0          0          0          0          0          0          0          0          0          0          0          0          0          0          0          0  IR-PCI-MSIX-0000:25:00.0   26-edge      nvme0q26
  93:          0          0          0          0          0          0          0          0          0          0          0          0          0          0          0          0          0          0          0          0          0          0          0          0  IR-PCI-MSIX-0000:25:00.0   27-edge      nvme0q27
  94:          0          0          0          0          0          0          0          0          0          0          0          0          0          0          0          0          0          0          0          0          0          0          0          0  IR-PCI-MSIX-0000:25:00.0   28-edge      nvme0q28
  95:          0          0          0          0          0          0          0          0          0          0          0          0          0          0          0          0          0          0          0          0          0          0          0          0  IR-PCI-MSIX-0000:25:00.0   29-edge      nvme0q29
  96:          0          0          0          0          0          0          0          0          0          0          0          0          0          0          0          0          0          0          0          0          0          0          0          0  IR-PCI-MSIX-0000:25:00.0   30-edge      nvme0q30
  97:          0          0          0          0          0          0          0          0          0          0          0          0          0          0          0          0          0          0          0          0          0          0          0          0  IR-PCI-MSIX-0000:25:00.0   31-edge      nvme0q31
  98:          0          0          0          0          0          0          0          0          0          0          0          0          0          0          0          0          0          0          0          0          0          0          0          0  IR-PCI-MSIX-0000:25:00.0   32-edge      nvme0q32
 100:          0          0          0          0          0          0          0          0          0          0          0          0          0          0          0          0          0          0          0          0          0          0          0          0  IR-PCI-MSIX-0000:29:00.1    0-edge      psp-1
 103:          0          0          0          0          0          0          0          0          0          0          0          0          0          0          0          0          0          0          0          0       6002          0          0          0  IR-IO-APIC   31-fasteoi   snd_hda_intel:card0
 105:          0          0          0          0          0          0          0          0          0          0          0          0          0          0          0          0          0          0          0      29400          0          0          0          0  IR-PCI-MSI-0000:29:00.4    0-edge      snd_hda_intel:card2
 106:          0          0          0          0          0          0          0          0          0          0          0    7746130          0          0          0          0          0          0          0          0          0        463          0          0  IR-PCI-MSI-0000:27:00.0    0-edge      nvidia
 NMI:       9557       9558       9559       9692       9575       9571       9598       9587       9574       9601       9568       9580       9566       9563       9561       9560       9561       9561       9564       9564       1020       2243       1500       1891   Non-maskable interrupts
 LOC:   32773899   33065577   33135076   59055743   31231782   31841129   30308117   30597944   30984198   30840566   30801673   30170945   32235444   32010287   32288453   31812491   32390386   32389211   30378081   30308402   25743253  195626533   41913027   79338272   Local timer interrupts
 SPU:          0          0          0          0          0          0          0          0          0          0          0          0          0          0          0          0          0          0          0          0          0          0          0          0   Spurious interrupts
 PMI:       9557       9558       9559       9692       9575       9571       9598       9587       9574       9601       9568       9580       9566       9563       9561       9560       9561       9561       9564       9564       1020       2243       1500       1891   Performance monitoring interrupts
 IWI:          0          1          0          0          0          0          0          0          0          0          0          0          2          0          0          0          0          0          0          0          2         13          4          3   IRQ work interrupts
 RTR:          0          0          0          0          0          0          0          0          0          0          0          0          0          0          0          0          0          0          0          0          0          0          0          0   APIC ICR read retries
 RES:      52700     157223      49546      69291      44926      48178     375754     812798     155342     134721     120714     105500      52760     143096      45545     124366     395238      84447      60257      68636    2417738    3771129    6055427    6104583   Rescheduling interrupts
 CAL:   21514902   19796016   19416329   14211914   17598258   18443457   17911139   17371803   17783939   17709653   17422884   14962290   19664571   20151159   19457529   18446937   20636831   20624566   16336235   16496874   64753863   31678034   77930032   55755860   Function call interrupts
 TLB:     871512     850861     859803     757431     849342     845040     870172     848904     865078     876653     857405     831927     849075     859957     872639     861565     858186     845691     854837     826936    2001987    2317766    2424674    2353343   TLB shootdowns
 TRM:          0          0          0          0          0          0          0          0          0          0          0          0          0          0          0          0          0          0          0          0          0          0          0          0   Thermal event interrupts
 THR:          0          0          0          0          0          0          0          0          0          0          0          0          0          0          0          0          0          0          0          0          0          0          0          0   Threshold APIC interrupts
 DFR:          0          0          0          0          0          0          0          0          0          0          0          0          0          0          0          0          0          0          0          0          0          0          0          0   Deferred Error APIC interrupts
 MCE:          0          0          0          0          0          0          0          0          0          0          0          0          0          0          0          0          0          0          0          0          0          0          0          0   Machine check exceptions
 MCP:        467        467        467        467        467        467        467        467        467        467        467        467        467        467        467        467        467        467        467        467        467        467        467        467   Machine check polls
 ERR:          0
 MIS:          0
 PIN:          0          0          0          0          0          0          0          0          0          0          0          0          0          0          0          0          0          0          0          0          0          0          0          0   Posted-interrupt notification event
 NPI:          0          0          0          0          0          0          0          0          0          0          0          0          0          0          0          0          0          0          0          0          0          0          0          0   Nested posted-interrupt event
 PIW:          0          0          0          0          0          0          0          0          0          0          0          0          0          0          0          0          0          0          0          0          0          0          0          0   Posted-interrupt wakeup event
