-0.250000
-0.375000
-0.312500
-0.437500
-0.281250
-0.406250
-0.343750
-0.468750
-0.265625
-0.390625
-0.328125
-0.453125
-0.296875
-0.421875
-0.359375
-0.484375
-0.250000
-0.375000
-0.312500
-0.437500
-0.281250
-0.406250
-0.343750
-0.468750
-0.265625
-0.390625
-0.328125
-0.453125
-0.296875
-0.421875
-0.359375
-0.484375
-0.500000
-0.750000
-0.625000
-0.875000
-0.562500
-0.812500
-0.687500
-0.937500
-0.531250
-0.781250
-0.656250
-0.906250
-0.593750
-0.843750
-0.718750
-0.968750
-0.500000
-0.750000
-0.625000
-0.875000
-0.562500
-0.812500
-0.687500
-0.937500
-0.531250
-0.781250
-0.656250
-0.906250
-0.593750
-0.843750
-0.718750
-0.968750
-1.000000
-1.500000
-1.250000
-1.750000
-1.125000
-1.625000
-1.375000
-1.875000
-1.062500
-1.562500
-1.312500
-1.812500
-1.187500
-1.687500
-1.437500
-1.937500
-1.000000
-1.500000
-1.250000
-1.750000
-1.125000
-1.625000
-1.375000
-1.875000
-1.062500
-1.562500
-1.312500
-1.812500
-1.187500
-1.687500
-1.437500
-1.937500
0.250000
0.375000
0.312500
0.437500
0.281250
0.406250
0.343750
0.468750
0.265625
0.390625
0.328125
0.453125
0.296875
0.421875
0.359375
0.484375
0.250000
0.375000
0.312500
0.437500
0.281250
0.406250
0.343750
0.468750
0.265625
0.390625
0.328125
0.453125
0.296875
0.421875
0.359375
0.484375
0.500000
0.750000
0.625000
0.875000
0.562500
0.812500
0.687500
0.937500
0.531250
0.781250
0.656250
0.906250
0.593750
0.843750
0.718750
0.968750
0.500000
0.750000
0.625000
0.875000
0.562500
0.812500
0.687500
0.937500
0.531250
0.781250
0.656250
0.906250
0.593750
0.843750
0.718750
0.968750
1.000000
1.500000
1.250000
1.750000
1.125000
1.625000
1.375000
1.875000
1.062500
1.562500
1.312500
1.812500
1.187500
1.687500
1.437500
1.937500
1.000000
1.500000
1.250000
1.750000
1.125000
1.625000
1.375000
1.875000
1.062500
1.562500
1.312500
1.812500
1.187500
1.687500
1.437500
1.937500
