7777777019
7777777027
7777777057
7777777069
7777777081
7777777103
7777777127
7777777169
7777777199
7777777207
7777777211
7777777229
7777777237
7777777261
7777777327
7777777361
7777777369
7777777379
7777777391
7777777421
7777777429
7777777453
7777777493
7777777517
7777777549
7777777577
7777777597
7777777633
7777777639
7777777649
7777777663
7777777669
7777777691
7777777703
7777777741
7777777781
7777777783
7777777789
7777777823
7777777849
7777777853
7777777871
7777777937
7777777963
7777777993
1777777741
1777777751
1777777777
2777777707
2777777711
2777777719
2777777741
2777777759
2777777777
2777777797
3777777701
3777777767
3777777793
4777777703
4777777717
4777777727
4777777729
4777777759
4777777769
4777777789
4777777793
4777777799
5777777701
5777777771
5777777791
6777777731
6777777737
6777777757
6777777791
8777777713
8777777717
8777777759
8777777777
9777777767
9777777787
9777777799
1277777771
1277777773
1577777771
1577777777
1877777773
1877777777
1877777779
2077777771
2377777771
2677777771
3077777777
3377777773
3377777779
3577777771
3977777773
3977777777
4177777771
4277777773
5177777777
5477777777
5877777779
6077777773
6077777777
6177777773
6277777777
6577777771
6577777777
6977777771
6977777773
8277777773
8477777771
8577777773
8977777777
9177777773
9477777773
9477777779
9677777771
9977777773
1247777777
1457777777
1487777777
1657777777
1787777777
1927777777
1957777777
2017777777
2027777777
2437777777
2467777777
2507777777
2567777777
2647777777
2917777777
3037777777
3137777777
3197777777
3247777777
3257777777
3407777777
3427777777
3527777777
3557777777
3827777777
3937777777
4027777777
4097777777
4297777777
4307777777
4327777777
4447777777
4567777777
4687777777
4747777777
4867777777
4937777777
4997777777
5237777777
5387777777
5527777777
5567777777
5617777777
5627777777
5647777777
6037777777
6317777777
6637777777
6757777777
6767777777
6847777777
6857777777
6947777777
7037777777
7087777777
7327777777
7387777777
7487777777
7537777777
7547777777
7597777777
7607777777
7727777777
7837777777
7957777777
8087777777
8117777777
8227777777
8347777777
8387777777
8627777777
8737777777
8807777777
8947777777
9067777777
9137777777
9197777777
9257777777
9467777777
9547777777
9617777777
9817777777
9887777777
9937777777
Znaleziono 203 liczb.
